$ 1 0.000005 10.20027730826997 50 5 43
c 176 144 256 144 0 0.000082 -0.5420732442054874
r 176 192 256 192 0 620000
d 320 176 352 208 2 default
d 320 240 352 208 2 default
d 288 208 320 176 2 default
d 288 208 320 240 2 default
w 320 144 256 144 0
w 256 144 256 192 0
w 176 144 176 192 0
w 320 144 320 176 0
w 320 240 320 272 0
w 320 272 96 272 0
w 352 208 384 208 0
w 384 208 448 208 3
w 384 304 448 304 0
w 288 208 256 208 0
w 256 208 256 304 0
w 256 304 384 304 0
r 176 144 96 144 0 61
r 448 304 448 208 0 620000
209 384 208 384 304 0 0.0000047 1.843860183433043 1
x 337 164 390 167 4 16 1n4007
w 560 224 448 208 0
w 448 304 560 288 0
162 560 224 560 288 2 default-led 1 0 0 0.55
g 448 304 448 320 0
v 96 144 96 272 0 1 50 5 0 0 0.5
o 13 64 0 4099 5 0.05 0 2 13 3
